\documentclass[a4paper]{article}

\usepackage{algorithmic}
\usepackage{algorithm}
\usepackage{amssymb}
\usepackage{multirow}
\usepackage[textwidth=15cm]{geometry}

\begin{document}
\pagestyle{empty} % Removes the page number from the bottom of the page

\section{Flowtime}
\begin{tabular}{l|ccc}
{\bf Path Prospects (LF) opponent} & {\bf Win rate} & {\bf Lose rate} & {\bf Draw rate}\\
\hline
Random (R) & 56.04\% & 31.84\% & 12.12\% \\
Surroundings (N-LF) & 57.66\% & 26.01\% & 16.33\% \\
Path Prospects (N-LF) & 54.20\% & 29.92\% & 15.89\% \\
Longest first (R) & 53.97\% & 26.76\% & 19.27\% \\
Surroundings (LF) & 41.64\% & 30.34\% & 28.02\% \\
Path Prospects (R) & 16.48\% & 23.51\% & 60.01\% \\
Path Prospects (LF) & 0.00\% & 0.00\% & 100.00\% \\
\end{tabular}
\section{Makespan}
\begin{tabular}{l|ccc}
{\bf Path Prospects (LF) opponent} & {\bf Win rate} & {\bf Lose rate} & {\bf Draw rate}\\
\hline
Random (R) & 49.47\% & 8.63\% & 41.90\% \\
Surroundings (N-LF) & 30.32\% & 12.53\% & 57.15\% \\
Path Prospects (N-LF) & 33.27\% & 12.26\% & 54.47\% \\
Longest first (R) & 13.84\% & 15.88\% & 70.28\% \\
Surroundings (LF) & 16.75\% & 13.77\% & 69.48\% \\
Path Prospects (R) & 14.47\% & 6.71\% & 78.82\% \\
Path Prospects (LF) & 0.00\% & 0.00\% & 100.00\% \\
\end{tabular}


\end{document}
